NGCC,1,5pF,113.113,60.8697,0.775231,0.768791,1.04135e+06,2.38984e-05,412.92283368110657,542.4442057609558
NGCC,1,10pF,98.2034,60.1566,0.699593,0.678758,1.04528e+06,2.80509e-05,671.6942992210388,812.564284324646
NGCC,1,20pF,107.458,62.1303,0.54251,0.575341,1.14804e+06,6.31551e-05,899.7695698738098,1032.9243595600128
NGCC,1,50pF,108.828,65.2804,0.783204,0.783875,1.0549e+06,0.00014381,442.83859372138977,584.876706123352
NGCC,1,100pF,86.0284,60.7593,0.640554,0.637487,1.12324e+06,0.000350549,524.9124901294708,672.0569593906403
NGCC,2,5pF,97.1792,71.8396,1.54676,1.53586,2.14139e+06,3.27937e-05,641.2678050994873,787.8921415805817
NGCC,2,10pF,104.16,61.8517,1.66321,1.64589,2.12539e+06,0.000142163,629.1701862812042,905.9328618049622
AZC,1,500pF,106.947,63.7719,0.032886,0.0326114,1.01186e+06,5.06558e-05,314.41043972969055,458.29681754112244
NGCC,2,20pF,96.3068,67.3794,1.63195,1.6264,2.2495e+06,7.91629e-05,429.69448733329773,563.0683438777924
AZC,1,1000pF,114.134,60.5486,0.0302188,0.0300389,1.01455e+06,1.78502e-05,383.06346464157104,524.4856643676758
NGCC,2,50pF,99.2374,62.0603,1.65459,1.65896,2.35671e+06,0.000349118,421.255823135376,553.9978020191193
NGCC,2,100pF,91.5128,61.7376,1.56294,1.55254,2.10287e+06,0.00046629,685.2257761955261,821.5221185684204
AZC,1,1500pF,107.14,62.1007,0.0818721,0.08125,1.0026e+06,2.89409e-05,325.7184114456177,468.23191022872925
NGCC,3,5pF,98.849,60.8824,2.73164,2.72192,4.14483e+06,0.000102934,342.1750056743622,479.80154609680176
AZC,1,5000pF,92.4404,60.1525,0.0408819,0.0405543,1.00623e+06,7.20177e-05,264.1608715057373,409.07281017303467
AZC,1,10000pF,107.859,60.3103,0.161946,0.141892,1.04173e+06,3.89688e-05,353.56490874290466,494.51031517982483
NGCC,3,10pF,101.069,60.1547,1.96109,1.94947,3.05536e+06,0.000119226,567.1651723384857,708.2697846889496
NGCC,3,20pF,88.8687,60.319,2.31299,2.29378,3.13751e+06,0.000272008,416.6860022544861,545.9415876865387
AZC,1,15000pF,98.1236,60.3996,0.0230909,0.0229099,1.04363e+06,7.59177e-05,652.0984795093536,937.5734567642212
NGCC,3,50pF,108.244,68.7409,2.25153,2.26752,3.65386e+06,0.000356281,422.57283186912537,563.3578765392303
NGCC,3,100pF,107.05,64.0455,1.88405,1.87855,3.3303e+06,0.00037399,432.647807598114,568.3045437335968
AZC,2,500pF,109.925,60.1228,0.057422,0.0570724,2.20043e+06,5.11334e-05,441.52726674079895,578.6506505012512
NGCC,4,5pF,86.7278,64.4861,2.42702,2.44849,4.12979e+06,6.32567e-05,501.2950713634491,773.4888141155243
AZC,2,1000pF,91.9497,62.7892,0.297448,0.293703,2.00691e+06,0.000107289,419.2447898387909,846.3014621734619
NGCC,4,10pF,85.3764,68.6118,2.55766,2.57713,4.05517e+06,0.000204948,638.4872839450836,778.9328362941742
NGCC,4,20pF,106.968,70.5248,2.81812,2.80774,4.10178e+06,0.000138262,355.4795262813568,497.40588665008545
AZC,2,1500pF,92.4184,62.294,0.134847,0.133538,2.11698e+06,7.09392e-05,439.2988030910492,1418.4695267677307
NGCC,4,50pF,96.5926,60.242,2.38126,2.38599,4.00459e+06,0.000890181,408.9344234466553,549.9535069465637
NGCC,4,100pF,91.8891,74.83,3.41418,3.44849,4.85108e+06,0.00127903,569.5622231960297,712.1298794746399
NGCC,5,5pF,86.9541,62.3445,3.35832,3.35014,5.1956e+06,0.000110451,478.47512125968933,765.001772403717
NGCC,5,10pF,82.6903,67.9435,5.44016,5.36763,7.27161e+06,0.000202985,520.7613065242767,925.8757710456848
NGCC,5,20pF,95.5409,61.9262,4.03712,4.04561,6.04367e+06,0.000419165,431.5789952278137,574.0158944129944
NGCC,5,50pF,100.011,63.4602,3.86708,3.8779,5.61336e+06,0.000608136,554.1027555465698,696.6072092056274
NGCC,5,100pF,85.7113,73.4852,3.34862,3.4029,5.13596e+06,0.00101329,450.816766500473,722.8364272117615
IAC,1,50pF,140.142,65.7591,0.307659,0.288839,1.51438e+06,1.8168e-05,396.28306674957275,532.4903998374939
AZC,2,5000pF,103.991,60.237,0.0309843,0.0307687,2.18467e+06,0.00010822,376.7233200073242,526.9144351482391
IAC,1,100pF,123.824,63.9249,0.168622,0.162775,1.18075e+06,4.79754e-05,285.99241185188293,429.7725839614868
NMCNR,1,5pF,97.9284,60.4993,0.728496,0.715068,1.02862e+06,1.70765e-05,315.3426716327667,450.5818462371826
IAC,1,150pF,106.427,63.5354,0.340487,0.323116,1.12923e+06,3.27018e-05,438.77982234954834,600.8529500961304
NMCNR,1,10pF,93.6037,60.6053,0.715283,0.702979,1.00148e+06,5.94485e-05,384.7756862640381,552.9525327682495
AZC,2,10000pF,91.98,61.3169,0.697857,0.682014,2.04488e+06,7.49948e-05,330.7110815048218,931.7337501049042
IAC,1,200pF,115.736,60.9396,0.180354,0.172402,1.01467e+06,4.94945e-05,337.6895377635956,492.9704246520996
NMCNR,1,20pF,124.71,65.2882,0.529984,0.528588,1.0077e+06,2.86449e-05,358.1496160030365,519.1066937446594
NMCNR,1,50pF,108.78,61.8541,0.66549,0.66327,1.05949e+06,7.20813e-05,317.24563932418823,454.72474789619446
IAC,1,250pF,112.299,60.5505,0.189597,0.180992,1.0034e+06,4.18508e-05,358.84763383865356,494.42089438438416
IAC,1,500pF,113.429,60.0931,0.158045,0.15172,1.03006e+06,4.79103e-05,347.73458647727966,489.63925099372864
NMCNR,1,100pF,107.224,60.2295,0.752662,0.750748,1.0423e+06,0.000245954,393.39288568496704,677.8129415512085
IAC,2,50pF,130.539,61.9715,0.589725,0.554151,2.03716e+06,2.40392e-05,413.7009313106537,548.694139957428
NMCNR,2,5pF,91.8574,68.9636,1.44234,1.42677,2.00103e+06,5.15418e-05,353.7797157764435,629.0928916931152
IAC,2,100pF,113.578,61.9739,0.449754,0.435773,2.78101e+06,4.92915e-05,458.3005747795105,597.6331017017365
NMCNR,2,10pF,102.473,62.4147,1.65648,1.64426,2.12537e+06,8.65499e-05,333.96240496635437,469.49991726875305
AZC,3,500pF,91.1274,60.9454,0.415332,0.411822,3.20189e+06,0.0001289,436.1971595287323,998.0498383045197
IAC,2,150pF,102.332,62.4535,0.946113,0.913038,2.05975e+06,2.69064e-05,486.7268395423889,631.9023463726044
NMCNR,2,20pF,100.601,60.5034,0.894277,0.894153,2.08504e+06,5.45179e-05,318.1316192150116,609.1104004383087
AZC,3,1000pF,97.9615,61.9473,0.0690211,0.0685311,3.04246e+06,0.000174001,639.409138917923,780.8740661144257
NMCNR,2,50pF,90.7049,64.6855,1.3786,1.3868,2.08266e+06,0.000296881,304.09011363983154,448.32760643959045
IAC,2,200pF,96.8017,61.1347,0.169891,0.167454,4.38717e+07,0.00127907,550.0653562545776,680.3377063274384
NMCNR,2,100pF,105.817,62.8283,1.60426,1.59405,2.18996e+06,0.000474175,350.602662563324,488.62599325180054
IAC,2,250pF,98.573,60.2395,1.05395,1.01413,2.39209e+06,5.25715e-05,400.0008430480957,532.595409154892
NMCNR,3,5pF,98.5142,66.3809,2.06973,2.07154,3.23667e+06,8.17879e-05,346.12225437164307,481.6012864112854
IAC,2,500pF,111.225,61.142,0.467408,0.445564,2.28116e+06,8.09263e-05,367.19400334358215,508.9526059627533
AZC,3,1500pF,100.094,63.8793,0.503583,0.499834,3.71691e+06,0.000105858,393.46476650238037,668.2411901950836
NMCNR,3,10pF,101.305,60.9155,2.07829,2.05525,3.04502e+06,0.000169665,366.36513471603394,644.7403230667114
IAC,3,50pF,138.172,64.0107,0.927,0.874113,3.35903e+06,2.15995e-05,323.28544878959656,468.7224898338318
IAC,3,100pF,118.956,60.2211,1.27399,1.21746,3.26458e+06,2.72136e-05,383.4862675666809,518.3024141788483
NMCNR,3,20pF,93.6999,60.7289,3.28953,3.1827,3.00655e+06,0.000232807,366.86585235595703,632.2691731452942
IAC,3,150pF,103.628,60.3341,0.310252,0.305487,3.47414e+06,7.79907e-05,368.7010929584503,509.1957802772522
AZC,3,5000pF,104.673,61.3095,0.276999,0.274993,3.0172e+06,0.000145905,383.5604591369629,662.7167377471924
NMCNR,3,50pF,88.2539,61.6415,2.15884,2.14436,3.01701e+06,0.000227147,373.7344958782196,516.1716024875641
IAC,3,200pF,98.8604,60.9319,1.12481,1.06287,3.13411e+06,5.40718e-05,392.97943592071533,527.7084510326385
NMCF,1,5pF,102.627,62.1079,0.872555,0.857377,1.02351e+06,2.07045e-05,393.60555624961853,537.991712808609
IAC,3,250pF,104.548,61.8538,0.985215,0.927097,3.24614e+06,6.16751e-05,391.2487859725952,539.4434998035431
NMCNR,3,100pF,91.2204,60.1647,2.55654,2.53573,3.10469e+06,0.00104679,373.72376680374146,651.9708454608917
IAC,3,500pF,104.915,62.4435,0.780388,0.73745,3.00615e+06,8.94545e-05,373.64455580711365,523.8782534599304
NMCF,1,10pF,89.7068,66.4895,0.803318,0.818821,1.07711e+06,3.26746e-05,484.2890181541443,641.7924554347992
AZC,2,15000pF,92.2158,60.5861,0.593182,0.576604,2.01725e+06,0.000149186,345.83623719215393,1242.4132270812988
IAC,4,50pF,96.0992,60.3007,1.04899,0.996286,4.09748e+06,6.97176e-05,341.5663363933563,643.4752299785614
NMCF,1,20pF,95.8745,67.7239,0.825108,0.818996,1.06169e+06,5.3219e-05,388.12746262550354,536.4843821525574
NMCNR,4,5pF,86.2716,60.1085,2.45066,2.43351,4.24685e+06,0.000132792,344.490355014801,930.3237950801849
IAC,4,100pF,105.906,61.2597,0.875804,0.83194,4.27544e+06,3.8622e-05,342.0688798427582,482.34893560409546
NMCF,1,50pF,111.084,73.1292,0.660003,0.656473,1.21995e+06,6.56916e-05,483.3007712364197,622.4222927093506
AZC,3,10000pF,93.2252,60.5011,0.488927,0.485545,3.00015e+06,0.000171778,344.98545575141907,760.9372367858887
NMCNR,4,10pF,95.5035,60.9952,2.83957,2.82251,4.0579e+06,0.000148756,276.75284695625305,550.6139581203461
IAC,4,150pF,108.425,60.0918,1.66473,1.57116,4.03634e+06,6.32516e-05,441.72989201545715,576.1967451572418
NMCF,1,100pF,94.0511,60.1182,0.710433,0.704598,1.04466e+06,0.000144033,415.50491976737976,551.9538884162903
NMCNR,4,20pF,102.712,60.0155,3.29282,3.26202,4.01671e+06,0.000248151,538.5645983219147,684.2711360454559
IAC,4,200pF,129.05,64.9922,1.12037,1.06832,5.4158e+06,3.79068e-05,405.2258048057556,550.8886213302612
NMCF,2,5pF,86.9225,61.6823,1.97603,1.9359,2.13344e+06,4.94648e-05,379.91145753860474,509.4901428222656
IAC,4,250pF,110.14,60.718,0.327486,0.322683,4.44988e+06,8.55839e-05,555.215535402298,834.8629767894745
NMCNR,4,50pF,97.143,60.2384,2.87112,2.84396,4.06098e+06,0.00106725,338.8256239891052,480.8954248428345
NMCF,2,10pF,98.4128,63.7656,2.24497,2.19687,3.39824e+06,5.06126e-05,390.7679862976074,529.3823313713074
NMCNR,4,100pF,90.5033,60.0763,2.63952,2.65448,4.28189e+06,0.00108571,304.15355944633484,443.18589663505554
IAC,4,500pF,123.953,71.9107,1.64974,1.57853,4.28364e+06,9.72596e-05,358.82923221588135,496.3162362575531
NMCF,2,20pF,100.692,60.2006,1.24842,1.24498,2.01893e+06,0.000139231,412.78848791122437,542.7840912342072
NMCNR,5,5pF,84.7255,64.4123,3.12184,3.15743,5.12921e+06,8.22071e-05,379.4989769458771,512.7060420513153
IAC,5,50pF,109.525,67.212,1.07788,1.02717,5.19599e+06,7.15527e-05,321.60355854034424,593.8476459980011
NMCF,2,50pF,96.9797,61.6819,1.72058,1.70841,2.1492e+06,0.000252336,468.148108959198,598.8346893787384
NMCNR,5,10pF,89.2134,60.5258,3.46643,3.44329,5.01344e+06,0.000183852,433.5899565219879,568.642285823822
IAC,5,100pF,111.458,63.8219,1.33847,1.27016,5.40905e+06,3.42097e-05,366.24469685554504,502.34996223449707
NMCF,2,100pF,87.1369,60.9223,1.34694,1.35086,2.2099e+06,0.000539537,421.07037258148193,555.0751135349274
IAC,5,150pF,112.51,61.6664,0.839312,0.809208,5.01702e+06,0.000130015,297.42487025260925,439.67255902290344
NMCNR,5,20pF,92.2434,62.4803,4.48915,4.53783,6.33325e+06,0.000452769,430.15922021865845,564.8959221839905
IAC,5,200pF,118.645,61.6852,1.30517,1.22682,5.08416e+06,3.87053e-05,458.4170410633087,601.2549939155579
NMCF,3,5pF,105.218,66.1598,2.31405,2.28943,3.11288e+06,4.24677e-05,500.6839008331299,636.0268702507019
NMCNR,5,50pF,87.3656,61.1726,3.22541,3.24865,5.13742e+06,0.00136003,332.3324296474457,738.3326494693756
IAC,5,250pF,123.083,61.9628,2.13558,2.01543,5.51363e+06,3.90305e-05,346.95205569267273,493.8198709487915
NMCNR,5,100pF,96.4528,63.307,4.17665,4.13025,5.20469e+06,0.00122897,295.73788595199585,435.963907957077
NMCF,3,10pF,95.4114,64.0977,1.8723,1.90165,3.09409e+06,6.84201e-05,379.4771337509155,519.288117647171
IAC,5,500pF,100.94,62.2621,2.125,2.00822,6.25864e+06,8.7453e-05,391.76395058631897,527.1847608089447
NMCF,3,20pF,90.2494,69.0192,2.42974,2.40049,3.48778e+06,0.000137734,442.3306031227112,575.8454275131226
NMCF,3,50pF,100.874,63.7151,2.18583,2.21515,3.75747e+06,0.00152456,446.06806659698486,714.7935755252838
NMCF,3,100pF,102.573,67.855,2.26826,2.29114,3.16047e+06,0.00062805,498.2666320800781,624.8265242576599
NMCF,4,5pF,94.6541,60.6665,3.56109,3.51391,4.97255e+06,0.000104622,663.2597877979279,796.731721162796
NMCF,4,10pF,100.517,71.7944,3.9989,3.9295,5.99201e+06,9.7482e-05,437.9431233406067,578.2477834224701
NMCF,4,20pF,88.8624,63.1999,2.83768,2.79039,4.4398e+06,0.000164796,583.1121592521667,719.6840147972107
NMCF,4,50pF,84.0035,60.4745,0.538853,0.542004,4.51778e+06,0.000596884,864.0513978004456,1132.9769849777222
NMCF,4,100pF,83.2161,60.751,2.75248,2.73196,4.04279e+06,0.00208559,449.30761098861694,715.3355977535248
NMCF,5,5pF,86.5567,68.502,4.44109,4.42093,5.739e+06,8.9217e-05,421.6079261302948,549.5304946899414
NMCF,5,10pF,85.8122,60.9259,3.17405,3.12474,5.08875e+06,0.000218035,411.1919147968292,544.737877368927
NMCF,5,20pF,87.4937,68.7925,4.91765,4.90553,5.53817e+06,0.000223189,501.50400018692017,646.3318483829498
NMCF,5,50pF,96.6051,64.9967,4.74846,4.64957,5.58359e+06,0.000577957,448.55888843536377,580.8451716899872
NMCF,5,100pF,87.9517,62.4977,3.28158,3.3213,5.15608e+06,0.00107157,566.1515727043152,701.2634677886963
NMC,1,5pF,98.2755,61.4921,0.545177,0.547668,1.06813e+06,1.5882e-05,306.52642917633057,445.804438829422
NMC,1,10pF,85.4741,60.4204,0.58138,0.578784,1.0354e+06,4.57581e-05,404.47931838035583,539.7167177200317
NMC,1,20pF,95.0912,60.5854,0.764617,0.757062,1.04347e+06,0.000164366,347.52046394348145,479.3707230091095
NMC,1,50pF,102.234,67.5726,0.947497,0.945948,1.27328e+06,0.000184882,298.2262032032013,427.4990301132202
NMC,1,100pF,102.459,62.8877,0.544655,0.543553,1.08811e+06,0.000110829,395.979043006897,528.0404942035675
NMC,2,5pF,89.8513,61.5697,1.31883,1.32267,2.12587e+06,4.4162e-05,333.0138976573944,608.8009316921234
NMC,2,10pF,117.585,62.074,1.33616,1.3065,2.01176e+06,3.987e-05,396.2520809173584,529.659775018692
NMC,2,20pF,86.217,60.0815,1.54965,1.53908,2.09166e+06,0.000138467,487.7309319972992,621.8849160671234
NMC,2,50pF,89.5544,60.2273,1.11781,1.1153,2.02075e+06,0.000121829,386.62764620780945,650.365226984024
NMC,2,100pF,102.966,60.4326,1.27084,1.2719,2.02311e+06,0.000594181,315.0373046398163,581.602550983429
NMC,3,5pF,91.2459,62.3501,2.115,2.11348,3.01037e+06,6.87047e-05,350.02762174606323,616.4270672798157
NMC,3,10pF,89.7769,60.4716,2.54135,2.52045,3.14664e+06,0.000144792,304.8589577674866,567.7176809310913
NMC,3,20pF,80.7998,60.0948,3.06311,2.99664,3.0054e+06,0.00019505,310.1509037017822,578.0954301357269
NMC,3,50pF,87.2154,60.0083,1.96633,1.96885,3.06098e+06,0.000609841,284.3323302268982,429.6591172218323
NMC,3,100pF,94.2747,60.5666,2.06975,2.09547,3.2833e+06,0.000576802,354.8612835407257,623.6520040035248
NMC,4,5pF,93.78,60.3239,3.39997,3.38218,4.15504e+06,0.00010661,370.0140962600708,635.5503189563751
NMC,4,10pF,96.9358,61.1114,3.1125,3.12142,4.39823e+06,0.000220499,378.3010277748108,641.006551027298
NMC,4,20pF,101.076,61.6499,3.00786,2.99946,4.26201e+06,0.00015777,376.0048370361328,511.8054096698761
NMC,4,50pF,97.9391,66.5535,2.34844,2.34619,4.82337e+06,0.000274795,316.5225987434387,452.5530126094818
NMC,4,100pF,87.971,67.297,2.76176,2.78915,4.46968e+06,0.00117719,334.1236915588379,602.3377027511597
NMC,5,5pF,81.0726,60.519,3.94153,4.00219,5.57328e+06,0.000107777,365.88937187194824,493.1825933456421
NMC,5,10pF,99.9406,61.3364,2.99004,3.0092,5.01751e+06,0.000209819,365.72482109069824,759.3945574760437
NMC,5,20pF,82.8903,61.0474,3.12538,3.12017,5.02031e+06,0.000499334,342.4240825176239,478.1443717479706
NMC,5,50pF,94.5767,61.9108,4.80034,4.77162,5.24679e+06,0.000599547,327.3991799354553,474.6836402416229
NMC,5,100pF,105.955,69.0275,3.36018,3.36569,6.26734e+06,0.000794139,338.5359182357788,470.6968104839325
TCFC,3,100pF,104.439,66.6113,1.29661,1.22944,3.35983e+06,3.6765e-05,329.43730306625366,426.5972783565521
TCFC,1,50pF,103.298,64.4185,0.168107,0.162948,1.21051e+06,1.95948e-05,274.2223446369171,366.0599434375763
TCFC,1,100pF,121.85,64.6043,0.385198,0.361863,1.16877e+06,1.76679e-05,315.30363368988037,402.4235031604767
TCFC,1,150pF,121.023,73.3211,0.495431,0.468712,1.1268e+06,1.87311e-05,353.6255798339844,445.49306416511536
TCFC,1,200pF,137.086,79.0582,0.316398,0.297215,1.29159e+06,1.64542e-05,329.42731642723083,436.9473617076874
TCFC,1,500pF,101.022,76.4007,0.406788,0.385336,1.06554e+06,2.41782e-05,318.16629004478455,402.99012994766235
TCFC,2,50pF,121.013,72.5872,0.464034,0.446284,2.49642e+06,2.41417e-05,348.02503967285156,448.3510117530823
TCFC,2,100pF,109.621,73.0083,1.54979,1.46785,3.13065e+06,2.62316e-05,324.72202157974243,411.94291257858276
TCFC,2,150pF,79.93,61.9175,0.260306,0.256183,2.94093e+07,0.0178071,268.36703419685364,553.7020165920258
TCFC,2,200pF,114.074,83.2027,1.03906,0.983787,2.48069e+06,2.85434e-05,329.6234107017517,444.09959506988525
TCFC,2,500pF,116.424,61.0861,0.359463,0.348275,2.75744e+06,4.55508e-05,274.9470226764679,364.00468015670776
TCFC,3,50pF,107.588,75.9331,1.80156,1.72764,3.72315e+06,2.70177e-05,251.48166155815125,342.3897614479065
TCFC,3,150pF,144.951,65.5291,1.35143,1.29912,3.29028e+06,4.20483e-05,571.2329783439636,683.8358271121979
TCFC,3,200pF,109.33,70.21,1.39688,1.3165,3.9484e+06,4.26653e-05,290.51008677482605,382.0748932361603
TCFC,3,500pF,107.825,65.4314,0.42616,0.418387,3.73816e+06,6.74111e-05,277.54983258247375,367.5301775932312
TCFC,4,50pF,101.724,63.1925,0.659687,0.646432,4.19156e+06,6.53246e-05,288.72455406188965,379.5446979999542
TCFC,4,100pF,103.94,70.4756,2.19816,2.116,4.00262e+06,0.000104214,494.46284008026123,584.4615142345428
TCFC,4,150pF,98.62,61.1773,2.14794,2.06089,4.0224e+06,4.64601e-05,355.95122361183167,447.0785870552063
TCFC,4,200pF,98.9704,61.8974,1.41795,1.34043,4.90448e+06,6.04799e-05,317.5118017196655,412.5565676689148
TCFC,4,500pF,109.472,71.8995,2.01453,1.90622,4.69218e+06,0.000131921,285.1916275024414,379.37350153923035
TCFC,5,50pF,117.568,75.105,2.53059,2.42623,6.0934e+06,5.65511e-05,308.3840913772583,421.48946833610535
TCFC,5,100pF,115.343,82.4955,1.64434,1.54953,5.1867e+06,5.23196e-05,352.93389081954956,461.39331316947937
TCFC,5,150pF,107.049,65.799,1.75687,1.66211,5.51503e+06,6.07198e-05,505.1285252571106,596.4666585922241
TCFC,5,200pF,130.529,76.0439,2.73344,2.62328,5.70477e+06,9.4749e-05,345.53791403770447,459.17254519462585
TCFC,5,500pF,116.426,63.795,3.7883,3.6233,5.52397e+06,0.000297082,334.77068424224854,444.8976628780365
SMCNR,1,10pF,75.3797,61.8103,0.697744,0.681066,1.03813e+06,1.72189e-05,226.30167245864868,316.1779980659485
SMCNR,1,20pF,69.262,61.4928,0.783283,0.761667,1.12761e+06,4.0616e-05,199.99586176872253,289.5192811489105
SMCNR,1,100pF,60.7182,60.7489,0.790788,0.769244,1.03507e+06,0.000173557,209.22610926628113,294.0308723449707
SMCNR,2,10pF,62.5941,60.21,1.61879,1.57915,2.30423e+06,3.12277e-05,180.40711951255798,270.5090401172638
SMCNR,2,20pF,61.4742,61.7755,1.32108,1.28574,2.03532e+06,5.34913e-05,188.9859266281128,273.7025468349457
SMCNR,2,30pF,62.8614,60.138,1.7501,1.70707,2.26248e+06,0.000128416,214.23973655700684,299.7537100315094
SMCNR,1,30pF,71.8956,60.1345,0.517219,0.496232,1.13961e+06,4.31036e-05,209.80175614356995,294.05958676338196
SMCNR,1,40pF,75.0325,60.9522,0.964219,0.941068,1.133e+06,4.71018e-05,216.43262434005737,307.5630078315735
SMCNR,1,50pF,68.4666,60.2698,0.792413,0.776144,1.12655e+06,7.20924e-05,220.9953646659851,311.35377287864685
SMCNR,2,40pF,60.1772,61.429,1.27367,1.21612,2.34826e+06,0.000143576,198.64211344718933,294.2843084335327
SMCNR,2,50pF,60.6767,61.8579,1.36642,1.33746,2.08309e+06,0.000128517,235.5631184577942,320.7301514148712
SMCNR,2,100pF,67.1631,60.2232,1.72117,1.68274,2.05568e+06,0.000204372,192.984060049057,282.21108317375183
SMCNR,3,10pF,65.5957,60.3862,3.50521,3.33208,3.094e+06,4.51466e-05,190.9526093006134,281.08437156677246
SMCNR,3,20pF,60.2397,62.939,2.82493,2.73828,3.61423e+06,0.000120972,192.9787073135376,283.3712959289551
SMCNR,3,30pF,64.7117,60.4315,2.4621,2.40452,3.04119e+06,9.62457e-05,239.93545961380005,324.9739143848419
SMCNR,3,40pF,61.0141,60.95,1.96198,1.91398,3.20756e+06,0.000172912,183.05837678909302,268.5026171207428
SMCNR,3,50pF,60.7487,60.2642,2.57479,2.50653,3.02208e+06,0.000161349,205.91028594970703,381.9829773902893
SMCNR,3,100pF,60.0948,60.9192,2.23009,2.17809,3.2708e+06,0.000676269,187.07955265045166,271.9900276660919
SMCNR,4,10pF,64.6927,60.4304,1.75688,1.70929,4.13278e+06,4.69709e-05,226.66469264030457,312.4376766681671
SMCNR,4,20pF,63.1418,62.2305,3.2292,3.01237,4.445e+06,0.000116798,182.0524344444275,279.76216411590576
SMCNR,4,30pF,66.2772,61.3157,2.836,2.73865,4.61497e+06,0.000266745,207.94386100769043,298.54767656326294
SMCNR,4,40pF,68.208,61.1568,1.95199,1.83524,4.00801e+06,0.000209954,206.39343810081482,296.2986435890198
SMCNR,4,50pF,61.5055,61.0395,3.37463,3.10528,4.00318e+06,0.000199597,176.43816208839417,262.09156823158264
SMCNR,4,100pF,62.2031,60.2432,3.13673,3.03889,4.09875e+06,0.000604351,205.3025450706482,295.4074852466583
SMCNR,5,10pF,65.2932,60.5737,3.18381,3.13429,5.29355e+06,6.05405e-05,190.81090712547302,276.37869143486023
SMCNR,5,20pF,63.0242,61.3642,3.23037,3.17873,5.53286e+06,0.000145334,288.4569139480591,379.16070222854614
SMCNR,5,30pF,61.6874,60.2277,3.43225,3.35652,5.17537e+06,0.000173043,188.0695743560791,267.9188711643219
SMCNR,5,40pF,63.2804,60.6137,4.79187,4.66638,5.08451e+06,0.000209027,211.2081377506256,302.2921106815338
SMCNR,5,50pF,66.6452,60.9436,3.98028,3.88701,5.08941e+06,0.00034618,227.42446398735046,312.54082107543945
SMCNR,5,100pF,64.303,61.2423,5.67252,5.44628,6.1942e+06,0.000866398,219.8138234615326,305.0644347667694
SMC,1,10pF,62.7131,60.1157,0.881827,0.869852,1.48314e+06,2.32411e-05,227.20001888275146,312.88564372062683
SMC,1,20pF,70.0502,62.6508,1.03047,1.00098,1.19509e+06,3.59652e-05,171.23088335990906,261.5648138523102
SMC,1,30pF,70.4101,60.2957,1.25831,1.2112,1.23525e+06,4.2265e-05,214.5186207294464,305.58594512939453
SMC,1,40pF,65.2647,60.848,1.13999,1.10026,1.18133e+06,5.78117e-05,190.5580768585205,276.7751088142395
SMC,1,50pF,73.9307,61.4409,0.890857,0.868079,1.11424e+06,5.81541e-05,216.38373160362244,306.7586009502411
SMC,1,100pF,72.2884,62.6372,0.599904,0.590273,1.01216e+06,0.000147515,218.4395911693573,304.2533848285675
SMC,2,10pF,73.3315,63.7298,1.67069,1.64073,2.43677e+06,4.87483e-05,190.53368997573853,287.74138474464417
SMC,2,20pF,61.8441,63.7631,1.50364,1.46999,2.01079e+06,5.62443e-05,221.94006419181824,313.17377614974976
SMC,2,30pF,61.5118,61.547,1.64002,1.60618,2.26802e+06,8.34993e-05,215.5157573223114,301.0946638584137
SMC,2,40pF,68.0952,61.8063,1.49525,1.46921,2.30635e+06,0.00012236,233.1487579345703,324.36883783340454
SMC,2,50pF,72.8668,60.3157,1.7005,1.66968,2.64835e+06,0.000169376,183.78049421310425,281.2629339694977
SMC,2,100pF,66.5847,62.506,2.1288,2.06242,2.31921e+06,0.000484755,193.49126386642456,284.5140218734741
SMC,3,10pF,62.9622,63.1307,2.29784,2.25585,3.29753e+06,5.20327e-05,196.6628954410553,278.0267598628998
SMC,3,20pF,61.8689,64.5,2.3818,2.33373,3.1797e+06,8.88906e-05,194.30207800865173,280.45874428749084
SMC,3,30pF,63.8608,60.9911,2.41683,2.35971,3.06909e+06,0.000101548,175.52500343322754,260.67325925827026
SMC,3,40pF,60.2149,60.943,2.18432,2.1417,3.14638e+06,0.000142757,211.8686339855194,297.2551715373993
SMC,3,50pF,62.2809,61.5261,2.15935,2.12494,3.42705e+06,0.00021204,197.60896468162537,289.07509565353394
SMC,3,100pF,60.6819,62.1657,2.48025,2.41746,3.05183e+06,0.000567525,176.66274976730347,267.42089009284973
SMC,4,10pF,72.2591,60.8863,2.7347,2.68727,4.06039e+06,6.46962e-05,201.1944010257721,292.65582299232483
SMC,4,20pF,62.0034,61.9666,2.66894,2.62527,4.26179e+06,0.000172057,203.906804561615,289.24163484573364
SMC,4,30pF,64.4629,61.1846,2.92963,2.87684,4.51012e+06,0.000255685,184.2565722465515,275.95391631126404
SMC,4,40pF,65.9848,60.8594,3.46387,3.38098,4.44009e+06,0.00021478,204.31563591957092,294.7208926677704
SMC,4,50pF,67.1909,60.8616,3.39639,3.31413,4.1573e+06,0.000210817,209.6162133216858,300.84909558296204
SMC,4,100pF,68.7486,61.04,4.49632,4.33817,4.36183e+06,0.000904075,189.82639598846436,270.4530863761902
SMC,5,10pF,66.497,60.2768,3.39232,3.33635,5.19594e+06,9.27881e-05,201.95034790039062,292.11085057258606
SMC,5,20pF,64.8884,63.7453,5.23122,5.07416,5.49632e+06,0.000292062,194.8206741809845,280.3435516357422
SMC,5,30pF,61.226,60.2893,4.00751,3.9228,5.36336e+06,0.000192484,208.79703164100647,294.6830315589905
SMC,5,40pF,62.5881,60.0853,4.5532,4.41934,5.14636e+06,0.000403136,202.67565298080444,293.0044984817505
SMC,5,50pF,63.6907,60.4146,3.56441,3.48967,5.02238e+06,0.000312818,212.59875512123108,294.19759917259216
SMC,5,100pF,64.0887,61.3681,5.70855,5.49801,5.30518e+06,0.00110353,207.37560629844666,297.94735741615295
five_T_OTA,1,1pF,40.1449,90.4769,0.768804,0.739918,1006220.0,8.60615e-06,142.0579490661621,225.4935338497162
five_T_OTA,1,2pF,30.0588,91.8786,0.605221,0.591867,1002390.0,9.31569e-06,194.04598450660706,277.71359038352966
five_T_OTA,1,3pF,34.0842,91.197,0.688157,0.667976,1000780.0,1.08057e-05,145.81470346450806,229.27396368980408
five_T_OTA,1,4pF,34.6706,91.0521,0.765516,0.736064,1018320.0,1.27826e-05,139.9147505760193,225.77357292175293
five_T_OTA,1,5pF,32.5199,91.3691,0.647918,0.630139,1012200.0,1.30304e-05,143.29767656326294,228.79361295700073
five_T_OTA,2,1pF,40.8518,90.1254,1.33127,1.29554,2097010.0,9.61541e-06,135.93476819992065,223.26476860046387
five_T_OTA,2,2pF,30.9386,91.5723,1.54338,1.49245,2005440.0,1.24168e-05,151.80151629447937,277.2880434989929
five_T_OTA,2,3pF,30.0161,91.7427,1.27768,1.24876,2020560.0,1.36916e-05,166.21686267852783,256.29263067245483
five_T_OTA,2,4pF,32.2644,91.2466,1.26279,1.23235,2027180.0,1.61944e-05,247.92329907417297,360.16906571388245
five_T_OTA,2,5pF,30.4444,91.6827,1.34499,1.30378,2038610.0,1.92648e-05,139.4882369041443,226.80018496513367
five_T_OTA,3,1pF,37.3988,90.7232,2.06135,2.0002,3002920.0,1.08304e-05,219.20618963241577,393.73699045181274
five_T_OTA,3,2pF,32.8525,91.2826,1.81079,1.77059,3001870.0,1.36167e-05,187.2078914642334,375.4546663761139
five_T_OTA,3,3pF,34.1062,91.1647,2.00059,1.94743,3000100.0,1.72709e-05,287.55390214920044,371.1889908313751
five_T_OTA,3,4pF,40.7214,90.3387,1.99915,1.9409,3035540.0,2.17232e-05,185.5208740234375,275.65467977523804
five_T_OTA,3,5pF,34.1757,91.2019,2.02967,1.97378,3046650.0,2.4406e-05,147.96437621116638,303.7710087299347
five_T_OTA,4,1pF,39.6777,90.3986,3.0773,2.96755,4016580.0,1.25843e-05,178.9742455482483,266.56533670425415
five_T_OTA,4,2pF,30.4579,91.7532,2.42193,2.36659,4021390.0,1.5554e-05,145.71522569656372,231.24758052825928
five_T_OTA,4,3pF,39.7463,90.4843,2.72578,2.64448,4000940.0,2.17515e-05,150.31138849258423,234.40650534629822
five_T_OTA,4,4pF,34.9649,90.9913,2.68733,2.59298,4005950.0,2.70498e-05,212.30920433998108,386.53901052474976
five_T_OTA,4,5pF,32.3893,91.3398,2.61281,2.54789,4042810.0,2.96536e-05,168.10233759880066,251.81496715545654
five_T_OTA,5,1pF,31.0956,91.6782,3.56796,3.46133,5113590.0,1.33733e-05,152.5668363571167,236.7272069454193
five_T_OTA,5,2pF,32.1203,91.3413,3.86257,3.74376,5149030.0,2.00719e-05,159.62629008293152,281.23746037483215
five_T_OTA,5,3pF,33.2566,91.3167,3.06063,2.98726,5082680.0,2.33984e-05,224.03171515464783,414.0762152671814
five_T_OTA,5,4pF,36.0845,90.7646,3.16244,3.08499,5028850.0,2.91963e-05,173.09234476089478,260.9019911289215
five_T_OTA,5,5pF,31.039,91.3121,3.00853,2.94464,5000890.0,3.44803e-05,178.3780791759491,266.37532687187195
symmetry_amp,1,1pF,46.5032,86.4524,1.48842,1.34381,1005490.0,1.35088e-05,164.4878499507904,277.07736897468567
symmetry_amp,1,2pF,34.2624,88.9584,0.627053,0.608786,1000350.0,1.16133e-05,204.11198782920837,292.59288454055786
symmetry_amp,1,3pF,39.3725,90.4826,0.596655,0.576924,1000520.0,1.3728e-05,186.82784414291382,313.5029582977295
symmetry_amp,1,4pF,33.2011,91.1787,0.710167,0.675057,1005690.0,1.75099e-05,232.48689246177673,316.76700258255005
symmetry_amp,1,5pF,39.218,90.5222,0.689177,0.660833,1000480.0,1.98461e-05,179.40972232818604,303.8703372478485
symmetry_amp,2,1pF,43.0171,89.837,1.14696,1.11673,2007690.0,1.13638e-05,151.34667706489563,234.87286901474
symmetry_amp,2,2pF,36.0266,90.114,1.23158,1.18752,2013090.0,1.61887e-05,276.85808801651,364.6170756816864
symmetry_amp,2,3pF,44.2345,90.0154,1.25439,1.21502,2000020.0,2.06548e-05,164.96702647209167,255.3632287979126
symmetry_amp,2,4pF,34.2177,90.9469,1.22084,1.17606,2013250.0,2.46065e-05,173.41734910011292,265.6551020145416
symmetry_amp,2,5pF,40.1923,90.289,1.29871,1.25152,2015100.0,3.08828e-05,278.96019101142883,363.73718667030334
symmetry_amp,3,1pF,39.0049,90.3598,1.80977,1.75149,3020860.0,1.3721e-05,154.22967171669006,238.30252480506897
symmetry_amp,3,2pF,42.3864,90.1062,1.97695,1.90942,3006930.0,2.12055e-05,243.89334154129028,328.46108317375183
symmetry_amp,3,3pF,38.1752,90.3952,1.79894,1.74076,3042140.0,2.67233e-05,300.42427468299866,388.1558759212494
symmetry_amp,3,4pF,42.602,89.9493,1.85211,1.79387,3015240.0,3.42039e-05,208.36233520507812,344.12466835975647
symmetry_amp,3,5pF,37.1727,90.6538,1.99346,1.91695,3026330.0,4.29987e-05,161.21751523017883,275.3152174949646
symmetry_amp,4,1pF,41.0929,89.6564,2.60264,2.51203,4002350.0,1.66065e-05,189.52040004730225,275.3997356891632
symmetry_amp,4,2pF,39.8875,90.2454,2.44344,2.36534,4005040.0,2.49456e-05,161.1702024936676,242.92849969863892
symmetry_amp,4,3pF,32.4824,90.9421,2.51355,2.41162,4156770.0,3.4707e-05,164.60488939285278,315.3363673686981
symmetry_amp,4,4pF,39.5082,90.3251,2.58931,2.49957,4002030.0,4.39619e-05,167.20828533172607,253.14711046218872
symmetry_amp,4,5pF,31.0253,91.4353,3.34034,3.12647,4146180.0,6.59048e-05,174.94459223747253,259.02097058296204
symmetry_amp,5,1pF,40.2881,90.0231,3.16616,3.06385,5009330.0,1.86271e-05,192.84525322914124,276.64424896240234
symmetry_amp,5,2pF,43.7528,89.5872,3.1167,3.02265,5022090.0,2.98131e-05,185.93910670280457,318.28300738334656
symmetry_amp,5,3pF,42.091,86.7669,2.90701,2.86293,5015290.0,3.89228e-05,344.6694223880768,429.2425479888916
symmetry_amp,5,4pF,43.3057,89.2823,3.37741,3.25974,5042610.0,5.61201e-05,186.89392399787903,274.6112394332886
symmetry_amp,5,5pF,32.2312,91.3011,3.12029,3.00188,5173460.0,6.24198e-05,175.168039560318,297.6046710014343
folded_cascode,1,1pF,42.7248,90.2017,0.926544,0.876059,1374510.0,1.33383e-05,179.06724739074707,268.9748909473419
folded_cascode,1,2pF,33.8585,91.1504,0.801744,0.742628,1046050.0,1.29986e-05,254.1540503501892,340.36972165107727
folded_cascode,1,3pF,56.2609,89.6702,0.466227,0.463363,1038500.0,1.36428e-05,152.95347833633423,239.11560106277466
folded_cascode,1,4pF,33.6938,91.1576,0.847936,0.802682,1146750.0,2.0147e-05,220.3363163471222,306.37411069869995
folded_cascode,1,5pF,42.3139,90.3201,0.585879,0.570564,1054580.0,1.82172e-05,171.80186676979065,257.7029092311859
folded_cascode,2,1pF,58.8443,89.3297,0.950515,0.940213,2005840.0,1.14961e-05,307.5301704406738,438.3407506942749
folded_cascode,2,2pF,40.8185,90.3179,1.11026,1.08028,2016730.0,1.5591e-05,163.1094036102295,247.3926637172699
folded_cascode,2,3pF,39.269,90.3842,1.36194,1.31997,2354660.0,2.25917e-05,151.4984827041626,237.77191138267517
folded_cascode,2,4pF,52.9803,89.6949,1.29851,1.23602,2040650.0,2.81191e-05,158.8832778930664,265.18966484069824
folded_cascode,2,5pF,32.8916,91.2586,1.61238,1.50465,2078300.0,3.71827e-05,200.60582542419434,302.88408160209656
folded_cascode,3,1pF,43.519,90.1131,2.08646,1.97126,3031340.0,1.55165e-05,162.5784571170807,247.9462878704071
folded_cascode,3,2pF,42.3318,90.221,2.08003,1.97587,3122920.0,2.2821e-05,138.18022203445435,224.0092339515686
folded_cascode,3,3pF,58.2553,89.1706,1.05504,1.04934,3074640.0,2.33062e-05,333.6219937801361,496.17336416244507
folded_cascode,3,4pF,54.7723,89.2715,2.13831,2.03999,3171660.0,4.44728e-05,158.98388719558716,244.97236847877502
folded_cascode,3,5pF,56.5625,89.1349,1.55985,1.53098,3039850.0,4.12668e-05,158.68137311935425,244.56676959991455
folded_cascode,4,1pF,52.5401,88.2635,1.69025,1.68139,4588420.0,1.4955e-05,309.27850794792175,399.31496024131775
folded_cascode,4,2pF,50.4888,88.307,1.75535,1.73862,4016070.0,2.26698e-05,150.30669808387756,263.21421003341675
folded_cascode,4,3pF,41.9445,90.1808,1.98501,1.95541,4222970.0,3.06176e-05,167.73515129089355,254.2324857711792
folded_cascode,4,4pF,40.7261,89.7187,1.73602,1.71152,4077400.0,3.30674e-05,167.12670826911926,253.30082273483276
folded_cascode,4,5pF,56.9588,88.6939,1.86863,1.84303,4130100.0,5.30637e-05,146.3762288093567,254.9744095802307
folded_cascode,5,1pF,41.4639,89.8399,2.49617,2.44657,5021760.0,1.62556e-05,193.2811005115509,281.6016957759857
folded_cascode,5,2pF,47.0493,89.5685,3.33696,3.25859,6132440.0,3.38138e-05,192.27474093437195,276.6109719276428
folded_cascode,5,3pF,47.1844,89.0821,2.64968,2.59855,5062370.0,3.95009e-05,175.0001847743988,303.26249408721924
folded_cascode,5,4pF,47.0012,84.754,6.62284,5.6593,6148200.0,0.000153686,180.08903789520264,268.5775406360626
folded_cascode,5,5pF,55.2704,88.8679,3.33158,3.21302,5974290.0,7.78332e-05,188.78882956504822,273.7662687301636
